# oST version 5.0 parameters


[image]

width
640

height
360

[narrow_stereo]

camera matrix
558.685290 0.000000 366.113425
0.000000 558.537787 176.996118
0.000000 0.000000 1.000000

distortion
-0.499161 0.214460 -0.001986 -0.009802 0.000000

rectification
1.000000 0.000000 0.000000
0.000000 1.000000 0.000000
0.000000 0.000000 1.000000

projection
447.929291 0.000000 376.660592 0.000000
0.000000 525.136475 175.684185 0.000000
0.000000 0.000000 1.000000 0.000000

